2026/10/07 11:45:12.0294: [11853982]:  WARNING:       mongoc: Falling back to malloc for counters.
GENERATORS p=2 r=3 labels=["T", "C", "S"] generated_order=168 GL_order=168
PRESENTATION characters=8 candidates=120 generating_tuples=28 relations=84 seconds=0.029586076736450195
FULL_SNF seconds=0.0055658817291259766 certificate=true
ELIMINATION_AND_QUOTIENT seconds=0.09464883804321289
ACTION_CASE p=2 r=3 n=3 B=(Z/2)^8 ngens=28 nrels=84 pivots=20 residual=(58, 8) moduli=[2, 2, 2, 2, 2, 2, 2, 2]
FINAL_PROJECTION_Q=[[1, 0, 0, 0, 0, 0, 0, 0], [1, 0, 0, 0, 0, 0, 0, -1], [0, 1, 0, 0, 0, 0, 0, 0], [1, 0, 0, 0, -1, 0, 0, -1], [1, 0, 0, 0, 0, -1, 0, 0], [1, 0, 0, 0, 0, 0, -1, -1], [0, 0, 1, 0, 0, 0, 0, 0], [0, 0, 0, 1, 0, 0, 0, 0], [1, -1, 0, 0, 0, 0, 0, 0], [1, 0, 0, -1, 0, -1, 0, 0], [1, 0, -1, 0, 0, 0, -1, -1], [0, 0, 0, 0, 1, 0, 0, 0], [0, 0, 0, 0, 0, 1, 0, 0], [0, 0, 0, 0, 0, 0, 1, 0], [0, 1, -1, 0, 0, 0, 0, 0], [1, 0, 0, -1, -1, 0, 0, -1], [0, 0, 0, 0, 0, 0, 0, 1], [-1, 0, 0, 1, 1, 1, 0, 1], [0, -1, 1, 0, 0, 0, 1, 0], [-1, 1, 0, 0, 1, 0, 0, 1], [0, 0, 0, 0, 0, -1, 1, 1], [0, -1, 1, 0, 0, 1, 0, 0], [-1, 0, 0, 1, 1, 0, 1, 1], [0, 0, 1, -1, 0, 0, 0, 0], [0, -1, 1, 0, 0, 0, 1, 1], [1, 0, 0, -1, -1, -1, 0, 0], [0, -1, 0, 1, 0, 1, 0, 0], [1, 0, -1, 0, -1, 0, -1, -1]]
FINAL_LIFTS_L=[[1, 0, 0, 0, 0, 0, 0, 0, 0, 0, 0, 0, 0, 0, 0, 0, 0, 0, 0, 0, 0, 0, 0, 0, 0, 0, 0, 0], [0, 0, 1, 0, 0, 0, 0, 0, 0, 0, 0, 0, 0, 0, 0, 0, 0, 0, 0, 0, 0, 0, 0, 0, 0, 0, 0, 0], [0, 0, 0, 0, 0, 0, 1, 0, 0, 0, 0, 0, 0, 0, 0, 0, 0, 0, 0, 0, 0, 0, 0, 0, 0, 0, 0, 0], [0, 0, 0, 0, 0, 0, 0, 1, 0, 0, 0, 0, 0, 0, 0, 0, 0, 0, 0, 0, 0, 0, 0, 0, 0, 0, 0, 0], [0, 0, 0, 0, 0, 0, 0, 0, 0, 0, 0, 1, 0, 0, 0, 0, 0, 0, 0, 0, 0, 0, 0, 0, 0, 0, 0, 0], [0, 0, 0, 0, 0, 0, 0, 0, 0, 0, 0, 0, 1, 0, 0, 0, 0, 0, 0, 0, 0, 0, 0, 0, 0, 0, 0, 0], [0, 0, 0, 0, 0, 0, 0, 0, 0, 0, 0, 0, 0, 1, 0, 0, 0, 0, 0, 0, 0, 0, 0, 0, 0, 0, 0, 0], [0, 0, 0, 0, 0, 0, 0, 0, 0, 0, 0, 0, 0, 0, 0, 0, 1, 0, 0, 0, 0, 0, 0, 0, 0, 0, 0, 0]]
GEN T group_matrix=[[1, 1, 0], [0, 1, 0], [0, 0, 1]] character_matrix=[[1, 0, 0], [1, 1, 0], [0, 0, 1]] tuple_permutation=[13, 16, 15, 14, 5, 8, 7, 6, 22, 21, 24, 23, 1, 4, 3, 2, 18, 17, 20, 19, 10, 9, 12, 11, 27, 26, 25, 28] final_row_matrix=[[0, 0, 0, 0, 0, 1, 0, 0], [0, 1, 1, 0, 0, 0, 0, 0], [0, 0, 1, 0, 0, 0, 0, 0], [1, 0, 0, 0, 0, 0, 1, 1], [1, 0, 0, 1, 1, 0, 1, 1], [1, 0, 0, 0, 0, 0, 0, 0], [1, 0, 0, 0, 1, 0, 0, 1], [1, 0, 0, 1, 1, 1, 0, 1]]
GEN C group_matrix=[[0, 0, 1], [1, 0, 0], [0, 1, 0]] character_matrix=[[0, 0, 1], [1, 0, 0], [0, 1, 0]] tuple_permutation=[1, 13, 17, 18, 3, 15, 19, 20, 2, 4, 14, 16, 9, 22, 25, 27, 5, 10, 21, 26, 7, 11, 24, 28, 6, 8, 12, 23] final_row_matrix=[[1, 0, 0, 0, 0, 0, 0, 0], [0, 0, 0, 0, 0, 0, 0, 1], [0, 1, 1, 0, 0, 0, 1, 0], [1, 1, 0, 0, 1, 0, 0, 1], [1, 0, 0, 1, 1, 0, 0, 1], [1, 1, 0, 0, 0, 0, 0, 0], [0, 1, 1, 0, 0, 1, 0, 0], [1, 0, 0, 0, 0, 1, 0, 0]]
GEN S group_matrix=[[0, 1, 0], [1, 0, 0], [0, 0, 1]] character_matrix=[[0, 1, 0], [1, 0, 0], [0, 0, 1]] tuple_permutation=[1, 3, 2, 4, 13, 15, 14, 16, 17, 18, 19, 20, 5, 7, 6, 8, 9, 10, 11, 12, 22, 21, 24, 23, 25, 27, 26, 28] final_row_matrix=[[1, 0, 0, 0, 0, 0, 0, 0], [1, 0, 0, 0, 0, 0, 0, 1], [0, 0, 0, 0, 0, 0, 1, 0], [1, 0, 0, 1, 1, 0, 0, 1], [1, 1, 0, 0, 1, 0, 0, 1], [1, 0, 0, 0, 0, 1, 0, 0], [0, 0, 1, 0, 0, 0, 0, 0], [1, 1, 0, 0, 0, 0, 0, 0]]
CLOSURE_START elements=168 field_arithmetic=false
CHECKS full_SNF_certificate=true residual_SNF_certificate=true quotient_maps_inverse=true relation_lattice_preserved=true closure=168 action_products=504/504 seconds=0.13632798194885254
ACTION_SECONDS p=2 r=3 time=0.5715348720550537
RUN_EXIT 0 WALL_SECONDS 15.853
