2026/09/23 14:31:13.0280: [4375335]:  WARNING:       mongoc: Falling back to malloc for counters.
GENERATORS p=2 |<T,D>|=2 |<T,D,S>|=6 |GL|=6
ACTION_CASE p=2 n=2 B=(Z/2)^2 ngens=3 nrels=3 pivots=1 residual=(2, 2) moduli=[2, 2]
CHARACTERS=[[0, 0], [1, 0], [0, 1], [1, 1]]
TUPLES=[[2, 3], [2, 4], [3, 4]]
PIVOTS=[(2, -1, [1 => 1, 2 => -1, 3 => -1])]
SURVIVORS=[1, 3] residual=[[0, -2], [-2, 2]] V=[[1, 0], [0, 1]]
FINAL_PROJECTION_Q=[[1, 0], [1, -1], [0, 1]]
FINAL_LIFTS_L=[[1, 0, 0], [0, 0, 1]]
GEN T group_matrix=[1 1; 0 1] character_matrix=[1 0; 1 1] tuple_permutation=[3, 2, 1] final_row_matrix=[[0, 1], [1, 0]]
GEN D group_matrix=[1 0; 0 1] character_matrix=[1 0; 0 1] tuple_permutation=[1, 2, 3] final_row_matrix=[[1, 0], [0, 1]]
GEN S group_matrix=[0 1; 1 0] character_matrix=[0 1; 1 0] tuple_permutation=[1, 3, 2] final_row_matrix=[[1, 0], [1, 1]]
CHECKS p=2 full_SNF_certificate=true residual_SNF_certificate=true quotient_maps_inverse=true relation_lattice_preserved=true action_products=18/18
VERIFIED_F2_CONTRAGREDIENT_NATURAL_INTERTWINER W=[[1, 1], [1, 0]] satisfies R_g W = W (g^-T)^T mod 2
ACTION_SECONDS p=2 time=0.437308917
GENERATORS p=3 |<T,D>|=6 |<T,D,S>|=48 |GL|=48
ACTION_CASE p=3 n=2 B=Z^7 ngens=24 nrels=24 pivots=17 residual=(0, 7) moduli=[0, 0, 0, 0, 0, 0, 0]
CHARACTERS=[[0, 0], [1, 0], [2, 0], [0, 1], [1, 1], [2, 1], [0, 2], [1, 2], [2, 2]]
TUPLES=[[2, 4], [2, 5], [2, 6], [2, 7], [2, 8], [2, 9], [3, 4], [3, 5], [3, 6], [3, 7], [3, 8], [3, 9], [4, 5], [4, 6], [4, 8], [4, 9], [5, 6], [5, 7], [5, 8], [6, 7], [6, 9], [7, 8], [7, 9], [8, 9]]
PIVOTS=[(15, -1, [1 => 1, 3 => -1, 15 => -1]), (2, 1, [1 => -1, 2 => 1, 18 => -1]), (21, -1, [1 => -1, 3 => 1, 18 => -1, 21 => -1]), (4, 1, [4 => 1, 6 => -1, 18 => -1]), (5, 1, [1 => -1, 3 => 1, 5 => 1, 6 => -1, 18 => -1]), (16, -1, [7 => 1, 8 => -1, 16 => -1]), (9, -1, [8 => 1, 9 => -1, 19 => -1]), (20, -1, [7 => -1, 8 => 1, 19 => -1, 20 => -1]), (11, -1, [7 => 1, 8 => -1, 10 => 1, 11 => -1, 19 => 1]), (12, -1, [7 => 1, 8 => -1, 10 => 1, 12 => -1]), (13, 1, [1 => -1, 8 => -1, 13 => 1]), (14, 1, [3 => -1, 7 => -1, 14 => 1]), (24, -1, [3 => -1, 8 => -1, 24 => -1]), (17, 1, [1 => -1, 8 => -1, 17 => 1, 18 => -1, 19 => 1]), (22, -1, [1 => -1, 8 => -1, 19 => 1, 22 => -1]), (23, -1, [1 => -1, 7 => -1, 18 => -1, 23 => -1]), (6, -1, [1 => -1, 6 => -1, 7 => -1, 10 => -1, 18 => -1])]
SURVIVORS=[1, 3, 7, 8, 10, 18, 19] residual=Vector{Int64}[] V=[[1, 0, 0, 0, 0, 0, 0], [0, 1, 0, 0, 0, 0, 0], [0, 0, 1, 0, 0, 0, 0], [0, 0, 0, 1, 0, 0, 0], [0, 0, 0, 0, 1, 0, 0], [0, 0, 0, 0, 0, 1, 0], [0, 0, 0, 0, 0, 0, 1]]
FINAL_PROJECTION_Q=[[1, 0, 0, 0, 0, 0, 0], [1, 0, 0, 0, 0, 1, 0], [0, 1, 0, 0, 0, 0, 0], [-1, 0, -1, 0, -1, 0, 0], [0, -1, -1, 0, -1, 0, 0], [-1, 0, -1, 0, -1, -1, 0], [0, 0, 1, 0, 0, 0, 0], [0, 0, 0, 1, 0, 0, 0], [0, 0, 0, 1, 0, 0, -1], [0, 0, 0, 0, 1, 0, 0], [0, 0, 1, -1, 1, 0, 1], [0, 0, 1, -1, 1, 0, 0], [1, 0, 0, 1, 0, 0, 0], [0, 1, 1, 0, 0, 0, 0], [1, -1, 0, 0, 0, 0, 0], [0, 0, 1, -1, 0, 0, 0], [1, 0, 0, 1, 0, 1, -1], [0, 0, 0, 0, 0, 1, 0], [0, 0, 0, 0, 0, 0, 1], [0, 0, -1, 1, 0, 0, -1], [-1, 1, 0, 0, 0, -1, 0], [-1, 0, 0, -1, 0, 0, 1], [-1, 0, -1, 0, 0, -1, 0], [0, -1, 0, -1, 0, 0, 0]]
FINAL_LIFTS_L=[[1, 0, 0, 0, 0, 0, 0, 0, 0, 0, 0, 0, 0, 0, 0, 0, 0, 0, 0, 0, 0, 0, 0, 0], [0, 0, 1, 0, 0, 0, 0, 0, 0, 0, 0, 0, 0, 0, 0, 0, 0, 0, 0, 0, 0, 0, 0, 0], [0, 0, 0, 0, 0, 0, 1, 0, 0, 0, 0, 0, 0, 0, 0, 0, 0, 0, 0, 0, 0, 0, 0, 0], [0, 0, 0, 0, 0, 0, 0, 1, 0, 0, 0, 0, 0, 0, 0, 0, 0, 0, 0, 0, 0, 0, 0, 0], [0, 0, 0, 0, 0, 0, 0, 0, 0, 1, 0, 0, 0, 0, 0, 0, 0, 0, 0, 0, 0, 0, 0, 0], [0, 0, 0, 0, 0, 0, 0, 0, 0, 0, 0, 0, 0, 0, 0, 0, 0, 1, 0, 0, 0, 0, 0, 0], [0, 0, 0, 0, 0, 0, 0, 0, 0, 0, 0, 0, 0, 0, 0, 0, 0, 0, 1, 0, 0, 0, 0, 0]]
GEN T group_matrix=[1 1; 0 1] character_matrix=[1 0; 2 1] tuple_permutation=[15, 5, 24, 22, 19, 11, 14, 3, 21, 20, 17, 9, 1, 16, 13, 7, 6, 4, 2, 23, 12, 18, 10, 8] final_row_matrix=[[1, -1, 0, 0, 0, 0, 0], [0, -1, 0, -1, 0, 0, 0], [0, 1, 1, 0, 0, 0, 0], [0, 1, 0, 0, 0, 0, 0], [0, 0, -1, 1, 0, 0, -1], [-1, 0, -1, 0, -1, 0, 0], [1, 0, 0, 0, 0, 1, 0]]
GEN D group_matrix=[2 0; 0 1] character_matrix=[2 0; 0 1] tuple_permutation=[7, 9, 8, 10, 12, 11, 1, 3, 2, 4, 6, 5, 14, 13, 16, 15, 17, 20, 21, 18, 19, 23, 22, 24] final_row_matrix=[[0, 0, 1, 0, 0, 0, 0], [0, 0, 0, 1, 0, 0, 0], [1, 0, 0, 0, 0, 0, 0], [0, 1, 0, 0, 0, 0, 0], [-1, 0, -1, 0, -1, 0, 0], [0, 0, -1, 1, 0, 0, -1], [-1, 1, 0, 0, 0, -1, 0]]
GEN S group_matrix=[0 1; 1 0] character_matrix=[0 1; 1 0] tuple_permutation=[1, 13, 15, 7, 14, 16, 4, 18, 22, 10, 20, 23, 2, 5, 3, 6, 19, 8, 17, 11, 24, 9, 12, 21] final_row_matrix=[[1, 0, 0, 0, 0, 0, 0], [1, -1, 0, 0, 0, 0, 0], [-1, 0, -1, 0, -1, 0, 0], [0, 0, 0, 0, 0, 1, 0], [0, 0, 0, 0, 1, 0, 0], [0, 0, 0, 1, 0, 0, 0], [1, 0, 0, 1, 0, 1, -1]]
CHECKS p=3 full_SNF_certificate=true residual_SNF_certificate=true quotient_maps_inverse=true relation_lattice_preserved=true action_products=144/144
ACTION_SECONDS p=3 time=0.00701575
