p=13 primitive root = 2
N=13104  dim=1608  torsion moduli=[91, 91, 91, 91, 91, 91]  free rank=1602
(1) elements enumerated = 26208 (|GL_2(F_13)| = 26208)
(1) number of distinct torsion blocks for each det value (1 = depends only on det): [(1, 1), (2, 1), (3, 1), (4, 1), (5, 1), (6, 1), (7, 1), (8, 1), (9, 1), (10, 1), (11, 1), (12, 1)]
(1) p-primary part: multiplicity of det^e for e=0..11 = [1, 0, 1, 0, 1, 0, 1, 0, 1, 0, 1, 0]
(2) |G| = 26208  classes = 168
(2) character values on class representatives: [1602, -30, 0, 0, 0, 0, 6, 6, 0, 0, 0, 0] ...
(2) dimension chi(1) = 1602   sum mult*deg = 1602   <chi,chi> = 174   sum mult^2 = 174
(2) constituents (degree, multiplicity): [(12, 1), (12, 1), (12, 1), (12, 1), (12, 1), (12, 1), (12, 1), (12, 1), (12, 1), (12, 1), (12, 1), (12, 1), (12, 1), (12, 1), (12, 1), (12, 1), (12, 1), (12, 1), (12, 1), (12, 1), (12, 1), (12, 1), (12, 1), (12, 1), (12, 1), (12, 1), (12, 1), (12, 1), (12, 1), (12, 1), (12, 1), (12, 1), (12, 1), (12, 1), (12, 1), (12, 1), (13, 1), (13, 1), (13, 1), (13, 1), (13, 1), (13, 1), (14, 1), (14, 1), (14, 1), (14, 1), (14, 1), (14, 1), (14, 1), (14, 1), (14, 1), (14, 1), (14, 1), (14, 1), (14, 1), (14, 1), (14, 1), (14, 1), (14, 1), (14, 1), (14, 1), (14, 1), (14, 1), (14, 1), (14, 1), (14, 1), (14, 1), (14, 1), (14, 1), (14, 1), (14, 1), (14, 1), (14, 1), (14, 1), (14, 1), (14, 1), (14, 1), (14, 1), (14, 1), (14, 1), (14, 1), (14, 1), (14, 1), (14, 1), (14, 2), (14, 2), (14, 2), (14, 2), (14, 2), (14, 2), (14, 2), (14, 2), (14, 2), (14, 3), (14, 3), (14, 3), (14, 3), (14, 3), (14, 3)]
    linear (degree 1): distinct = 0  multiplicities = Any[]
    cuspidal (degree 12): distinct = 36  multiplicities = [1, 1, 1, 1, 1, 1, 1, 1, 1, 1, 1, 1, 1, 1, 1, 1, 1, 1, 1, 1, 1, 1, 1, 1, 1, 1, 1, 1, 1, 1, 1, 1, 1, 1, 1, 1]
    twisted Steinberg (degree 13): distinct = 6  multiplicities = [1, 1, 1, 1, 1, 1]
    principal series (degree 14): distinct = 57  multiplicities = [1, 1, 1, 1, 1, 1, 1, 1, 1, 1, 1, 1, 1, 1, 1, 1, 1, 1, 1, 1, 1, 1, 1, 1, 1, 1, 1, 1, 1, 1, 1, 1, 1, 1, 1, 1, 1, 1, 1, 1, 1, 1, 2, 2, 2, 2, 2, 2, 2, 2, 2, 3, 3, 3, 3, 3, 3]
    twisted Steinberg by parity of chi: even chi multiplicities = Any[]   odd chi multiplicities = [1, 1, 1, 1, 1, 1]   (6 even and 6 odd characters exist)
