p=17 primitive root = 3
N=39168  dim=4432  torsion moduli=[204, 204, 204, 204, 204, 204, 204, 204]  free rank=4424
(2) |G| = 78336  classes = 288
(2) character values on class representatives: [4424, -56, 0, 0, 0, 0, 0, 0, 8, 8, 0, 0] ...
(2) dimension chi(1) = 4424   sum mult*deg = 4424   <chi,chi> = 424   sum mult^2 = 424
(2) constituents (degree, multiplicity): [(16, 1), (16, 1), (16, 1), (16, 1), (16, 1), (16, 1), (16, 1), (16, 1), (16, 1), (16, 1), (16, 1), (16, 1), (16, 1), (16, 1), (16, 1), (16, 1), (16, 1), (16, 1), (16, 1), (16, 1), (16, 1), (16, 1), (16, 1), (16, 1), (16, 1), (16, 1), (16, 1), (16, 1), (16, 1), (16, 1), (16, 1), (16, 1), (16, 1), (16, 1), (16, 1), (16, 1), (16, 1), (16, 1), (16, 1), (16, 1), (16, 1), (16, 1), (16, 1), (16, 1), (16, 1), (16, 1), (16, 1), (16, 1), (16, 2), (16, 2), (16, 2), (16, 2), (16, 2), (16, 2), (16, 2), (16, 2), (16, 2), (16, 2), (16, 2), (16, 2), (16, 2), (16, 2), (16, 2), (16, 2), (17, 1), (17, 1), (17, 1), (17, 1), (17, 1), (17, 1), (17, 1), (17, 1), (17, 2), (17, 2), (17, 2), (17, 2), (17, 2), (17, 2), (17, 2), (17, 2), (18, 1), (18, 1), (18, 1), (18, 1), (18, 1), (18, 1), (18, 1), (18, 1), (18, 1), (18, 1), (18, 1), (18, 1), (18, 1), (18, 1), (18, 1), (18, 1), (18, 1), (18, 1), (18, 1), (18, 1), (18, 1), (18, 1), (18, 1), (18, 1), (18, 1), (18, 1), (18, 1), (18, 1), (18, 1), (18, 1), (18, 1), (18, 1), (18, 1), (18, 1), (18, 1), (18, 1), (18, 1), (18, 1), (18, 1), (18, 1), (18, 1), (18, 1), (18, 1), (18, 1), (18, 1), (18, 1), (18, 1), (18, 1), (18, 1), (18, 1), (18, 1), (18, 1), (18, 1), (18, 1), (18, 1), (18, 1), (18, 1), (18, 1), (18, 1), (18, 1), (18, 1), (18, 1), (18, 1), (18, 1), (18, 1), (18, 1), (18, 1), (18, 1), (18, 1), (18, 1), (18, 1), (18, 1), (18, 1), (18, 1), (18, 1), (18, 1), (18, 1), (18, 1), (18, 1), (18, 1), (18, 2), (18, 2), (18, 2), (18, 2), (18, 2), (18, 2), (18, 2), (18, 2), (18, 2), (18, 2), (18, 2), (18, 2), (18, 3), (18, 3), (18, 3), (18, 3), (18, 3), (18, 3), (18, 3), (18, 3), (18, 3), (18, 3), (18, 3), (18, 3), (18, 3), (18, 3), (18, 3), (18, 3)]
    linear (degree 1): distinct = 0  multiplicities = Any[]
    cuspidal (degree 16): distinct = 64  multiplicities = [1, 1, 1, 1, 1, 1, 1, 1, 1, 1, 1, 1, 1, 1, 1, 1, 1, 1, 1, 1, 1, 1, 1, 1, 1, 1, 1, 1, 1, 1, 1, 1, 1, 1, 1, 1, 1, 1, 1, 1, 1, 1, 1, 1, 1, 1, 1, 1, 2, 2, 2, 2, 2, 2, 2, 2, 2, 2, 2, 2, 2, 2, 2, 2]
    twisted Steinberg (degree 17): distinct = 16  multiplicities = [1, 1, 1, 1, 1, 1, 1, 1, 2, 2, 2, 2, 2, 2, 2, 2]
    principal series (degree 18): distinct = 108  multiplicities = [1, 1, 1, 1, 1, 1, 1, 1, 1, 1, 1, 1, 1, 1, 1, 1, 1, 1, 1, 1, 1, 1, 1, 1, 1, 1, 1, 1, 1, 1, 1, 1, 1, 1, 1, 1, 1, 1, 1, 1, 1, 1, 1, 1, 1, 1, 1, 1, 1, 1, 1, 1, 1, 1, 1, 1, 1, 1, 1, 1, 1, 1, 1, 1, 1, 1, 1, 1, 1, 1, 1, 1, 1, 1, 1, 1, 1, 1, 1, 1, 2, 2, 2, 2, 2, 2, 2, 2, 2, 2, 2, 2, 3, 3, 3, 3, 3, 3, 3, 3, 3, 3, 3, 3, 3, 3, 3, 3]
    twisted Steinberg by parity of chi: even chi multiplicities = [1, 1, 1, 1, 1, 1, 1, 1]   odd chi multiplicities = [2, 2, 2, 2, 2, 2, 2, 2]   (8 even and 8 odd characters exist)
